Month      Interest   Principal Total Payment  Remaining 
1          308.75     1247.61   1556.36        112752.39 
2          305.37     1250.99   1556.36        111501.40 
3          301.98     1254.38   1556.36        110247.02 
4          298.59     1257.77   1556.36        108989.25 
5          295.18     1261.18   1556.36        107728.07 
6          291.76     1264.60   1556.36        106463.47 
7          288.34     1268.02   1556.36        105195.45 
8          284.90     1271.46   1556.36        103924.00 
9          281.46     1274.90   1556.36        102649.10 
10         278.01     1278.35   1556.36        101370.74 
11         274.55     1281.81   1556.36        100088.93 
12         271.07     1285.29   1556.36        98803.64  
13         267.59     1288.77   1556.36        97514.88  
14         264.10     1292.26   1556.36        96222.62  
15         260.60     1295.76   1556.36        94926.86  
16         257.09     1299.27   1556.36        93627.60  
17         253.57     1302.79   1556.36        92324.81  
18         250.05     1306.31   1556.36        91018.50  
19         246.51     1309.85   1556.36        89708.65  
20         242.96     1313.40   1556.36        88395.25  
21         239.40     1316.96   1556.36        87078.29  
22         235.84     1320.52   1556.36        85757.77  
23         232.26     1324.10   1556.36        84433.67  
24         228.67     1327.69   1556.36        83105.98  
25         225.08     1331.28   1556.36        81774.70  
26         221.47     1334.89   1556.36        80439.81  
27         217.86     1338.50   1556.36        79101.31  
28         214.23     1342.13   1556.36        77759.19  
29         210.60     1345.76   1556.36        76413.42  
30         206.95     1349.41   1556.36        75064.02  
31         203.30     1353.06   1556.36        73710.95  
32         199.63     1356.73   1556.36        72354.23  
33         195.96     1360.40   1556.36        70993.83  
34         192.27     1364.09   1556.36        69629.74  
35         188.58     1367.78   1556.36        68261.96  
36         184.88     1371.48   1556.36        66890.48  
37         181.16     1375.20   1556.36        65515.28  
38         177.44     1378.92   1556.36        64136.36  
39         173.70     1382.66   1556.36        62753.70  
40         169.96     1386.40   1556.36        61367.30  
41         166.20     1390.16   1556.36        59977.14  
42         162.44     1393.92   1556.36        58583.22  
43         158.66     1397.70   1556.36        57185.52  
44         154.88     1401.48   1556.36        55784.04  
45         151.08     1405.28   1556.36        54378.76  
46         147.28     1409.08   1556.36        52969.68  
47         143.46     1412.90   1556.36        51556.78  
48         139.63     1416.73   1556.36        50140.05  
49         135.80     1420.56   1556.36        48719.49  
50         131.95     1424.41   1556.36        47295.08  
51         128.09     1428.27   1556.36        45866.81  
52         124.22     1432.14   1556.36        44434.67  
53         120.34     1436.02   1556.36        42998.65  
54         116.45     1439.91   1556.36        41558.75  
55         112.55     1443.81   1556.36        40114.94  
56         108.64     1447.72   1556.36        38667.23  
57         104.72     1451.64   1556.36        37215.59  
58         100.79     1455.57   1556.36        35760.02  
59         96.85      1459.51   1556.36        34300.51  
60         92.90      1463.46   1556.36        32837.05  
61         88.93      1267.43   1356.36        31569.62  
62         85.50      1270.86   1356.36        30298.76  
63         82.06      1274.30   1356.36        29024.46  
64         78.61      1277.75   1356.36        27746.71  
65         75.15      1281.21   1356.36        26465.50  
66         71.68      1284.68   1356.36        25180.82  
67         68.20      1288.16   1356.36        23892.65  
68         64.71      1291.65   1356.36        22601.00  
69         61.21      1295.15   1356.36        21305.85  
70         57.70      1298.66   1356.36        20007.20  
71         54.19      1302.17   1356.36        18705.02  
72         50.66      1305.70   1356.36        17399.32  
73         47.12      1309.24   1356.36        16090.09  
74         43.58      1312.78   1356.36        14777.30  
75         40.02      1316.34   1356.36        13460.97  
76         36.46      1319.90   1356.36        12141.06  
77         32.88      1323.48   1356.36        10817.59  
78         29.30      1327.06   1356.36        9490.52   
79         25.70      1330.66   1356.36        8159.87   
80         22.10      1334.26   1356.36        6825.61   
81         18.49      1337.87   1356.36        5487.73   
82         14.86      1341.50   1356.36        4146.23   
83         11.23      1345.13   1356.36        2801.10   
84         7.59       1348.77   1356.36        1452.33   
85         3.93       1352.43   1356.36        99.90     
86         0.27       1356.09   1356.36        -1256.19  
